-437
-225
-484
-310
-118
-79
-274
-55
-448
-150
-341
-184
-243
-355
-17
-42
-236
-446
-450
-212
-41
-358
-179
-127
-474
-366
-458
-165
-487
-402
-293
-445
-261
-184
-185
-147
-499
-29
-134
-283
-198
-323
-281
-434
-32
-327
-127
-37
-477
-139
-220
-261
-305
-336
-119
-373
-408
-296
-25
-363
-287
-323
-195
-274
-364
-422
-109
-86
-187
-441
-225
-208
-286
-484
-422
-281
-197
-367
-482
-351
-486
-479
-159
-71
-20
8
-486
-500
-41
-417
-472
-67
-374
-194
-193
-243
-308
-255
-399
-160
-149
-452
-383
-350
-315
-37
-173
-43
-444
-245
-480
-308
-239
-412
-319
-122
-493
-185
-226
-383
-249
-295
-388
-267
-334
-162
-332
-379
-188
-354
2
-70
-371
-284
-184
-443
-491
-27
-54
-217
-275
-435
-319
-294
-2
-385
-53
-423
-429
-412
-415
-472
-488
8
-235
-41
-73
-441
-286
-251
-193
-437
-273
-376
-246
-220
-265
-218
-427
-454
-195
-152
-76
-364
-186
-226
-37
-19
-287
-132
-21
-147
-11
-254
-442
-139
-106
-59
-121
-253
-423
-130
-400
-364
-449
-337
-434
-352
-168
-222
2
-284
-276
-240
-352
9
-127
8
-221
-324
-357
-278
-150
-43
-279
-449
-251
-88
-414
-19
-468
-327
-453
-176
-5
-472
-128
-390
-73
-224
-236
-85
1
-180
-99
-173
-443
-434
-408
-42
-182
-407
-491
-226
-463
-493
-278
-425
-46
3
-459
-150
-343
-118
-498
-494
-106
-404
-70
-100
-26
-409
-205
-159
-479
-71
-310
-446
-260
-224
-102
-54
-36
-98
-308
-34
-145
-327
-66
-392
-299
-345
-246
-341
-461
-234
-181
-118
-498
-107
-177
-346
-73
-363
-262
-279
-222
-403
-47
-17
2
-309
-486
-82
-460
-337
-245
-245
-33
-233
-147
-369
-177
-498
-40
-493
-180
-498
-261
-131
9
-453
-405
-250
-158
-81
-110
9
2
-373
-283
-470
-259
-46
-39
-114
-489
-157
-379
-285
-63
-270
-273
-414
-215
-102
-359
-279
-412
-100
-335
-453
-316
-265
-148
-281
-401
-159
-118
-230
-12
-449
-336
5
-367
-10
-199
-439
-59
-233
-110
-176
-375
-269
-451
-150
-332
-405
-415
-290
-109
-25
-80
-326
-313
6
-107
-402
-233
-241
-36
-23
-171
-12
-174
-104
-375
-176
-411
-151
-300
-27
-478
-138
-449
-196
-85
-232
-236
-317
-264
-284
-40
-67
-251
-418
-415
-196
-71
-339
-3
-173
-207
-466
-354
-284
-119
-348
-75
-115
-261
-407
-86
-351
-121
-488
-267
-239
-33
-275
-137
-474
-125
-459
-472
-355
-284
-269
-54
-92
-101
-190
-77
-247
-439
-33
-145
-62
-484
-113
-374
-24
-415
-227
-499
-318
-346
-421
-189
-124
-44
-443
-382
-392
-350
-486
-93
-48
-247
-285
-495
-117
-60
-234
-314
-266
-429
-246
-21
3
-461
-226
-109
-315
-158
-45
-479
-256
-106
-491
-40
-470
-262
-349
-57
-112
-330
-2
-18
-172
-430
-113
-338
-292
-273
-461
-458
-255
-376
-346
-339
-116
-263
-214
-419
-38
-400
-144
-181
-130
-386
-90
-74
-479
-398
-170
-307
-390
-32
-112
-132
-317
-116
-65
-468
-85
-193
-357
-396
-193
-491
-127
-104
-132
-250
-253
-71
-458
-294
-107
-294
-353
-418
-13
-92
-429
-212
-268
-419
-132
-208
-371
-214
-40
-239
-62
3
-326
-26
-417
-419
-48
-133
-392
-73
-167
-285
-300
-470
3
-104
-288
-444
6
-343
-66
-124
-55
-182
-112
-272
-388
-214
-306
-77
-249
-143
-107
-327
-157
-333
-97
-47
-402
-425
-472
-132
-258
-152
-87
-441
-62
-406
-354
-65
-3
-154
-435
-412
-242
-79
-85
-333
-404
-453
-67
-393
-492
-11
-104
-341
-63
-192
-18
-66
-382
-244
-420
-95
-250
-249
-1
-352
-99
-130
-169
-329
-253
-382
-412
-209
-112
-442
-153
-91
-263
-279
-373
-483
-252
-27
-166
-426
-226
-311
-250
-368
-268
-311
-85
-189
-171
-154
8
-368
-424
-379
-167
-455
-38
-120
-302
-253
-406
-278
-397
-35
-156
-264
-76
-93
-463
7
-331
-121
-498
-209
-97
-306
-452
-416
-288
-428
-189
-42
-31
-65
-106
-11
-470
-357
-70
-110
-314
-337
-211
-294
-433
-391
-302
-340
-312
-495
-301
-399
-313
-47
-240
-245
-447
-368
-44
-267
-205
-249
-73
-42
-276
-399
-335
-86
-497
-50
-52
-307
-187
-418
-423
-207
-145
-152
-33
-254
-307
-31
-153
-476
-81
-7
-7
-140
-97
-305
-261
-478
-37
-124
9
2
-393
-74
-459
-77
-327
-442
-292
-289
-42
-446
-28
-12
-2
-500
-221
-490
-215
-248
-192
-165
-6
-96
-255
-112
-77
-103
-204
-277
-125
-169
-263
-97
-447
-340
-399
-416
-264
-108
-262
-355
-198
-51
-219
-35
-15
-397
-75
-36
-270
-269
-407
-280
-305
-360
-443
-225
-443
-131
-261
-14
-328
-53
-199
-197
-164
-453
-484
-165
-61
-416
-97
-49
-389
-319
-41
-301
-118
-155
-362
-370
-474
-418
-143
-338
-394
-270
-78
-194
-47
-58
-32
-235
-199
-7
-42
-201
-354
-270
-476
-100
-295
-281
-488
-475
7
-151
-335
-410
-313
-349
-77
-387
-461
-484
-128
-187
-118
-341
-23
-309
-81
-482
-80
-398
-416
-483
-452
-260
-74
-234
9
-326
-124
-286
-90
-441
-182
-358
7
-247
-432
-456
3
-57
-484
-182
-222
-168
-98
-149
-119
-228
-256
-62
-393
-240
-6
-189
-394
-206
-286
-69
-93
-5
-496
-170
-445
-465
-32
7
-32
-93
-119
4
-45
-464
-30
-181
-487
-475
-69
-374
-215
-274
-398
-345
-163
-346
-457
-82
-486
-376
-386
-427
-230
-71
-400
-6
-465
-436
-84
-2
-120
-16
-409
-275
-477
-479
-367
-423
-383
-361
-108
-359
-419
-75
-361
-149
-435
-305
-106
-364
-464
-386
-264
-155
-384
-325
-346
-30
-154
-371
-236
-308
-268
-70
-98
-73
-412
-21
-436
-274
-76
-253
-313
-201
-217
-472
2
9
-453
-431
-70
-321
-142
-486
-484
-375
-495
-119
-121
-401
-228
-198
-37
-321
-119
-83
-273
-59
-485
-392
-312
-302
-129
-261
-14
-67
-51
-475
-398
-491
5
-299
-333
-417
-224
-459
-292
-349
-449
-48
-499
-320
-437
-453
-362
-144
-81
-266
-72
-17
-87
-129
-229
-272
-12
-120
-358
-282
-395
-30
5
-366
-241
-130
-277
-416
-409
-258
-416
-65
-299
-152
-479
-125
-472
-368
-21
-51
-59
-387
-210
-423
-72
-99
-166
-367
-38
-80
-99
-141
-110
-438
-28
-433
-202
-109
-474
-263
-474
-428
-252
-98
-177
-176
-454
-15
-230
-204
-454
-338
-419
-188
-24
-235
-56
-315
-24
-481
-141
-107
-373
-478
-23
-492
-139
-438
-194
-331
-68
-406
-80
-136
-109
3
-408
-461
-289
-68
-47
-218
-412
-475
-492
-489
5
-105
-485
4
-355
-302
-317
-415
-446
-457
-463
-47
-324
-432
-465
-309
-154
-63
-285
-466
-344
-184
-6
-493
-226
-232
-147
-453
-199
-234
-442
-463
-282
-218
-350
-331
-48
-407
-57
-498
-279
-252
-8
-339
-389
-437
-408
-331
-215
-140
-59
-278
-10
-29
-362
-332
-179
-161
-92
-334
-390
-84
-89
-28
-282
-76
-21
-175
-396
-238
-378
-208
-93
-373
-302
-21
-349
-449
-57
-207
-365
-336
-418
-357
-55
-305
-436
-497
-345
-104
-218
-346
-20
-159
-376
-481
-153
-413
-242
-149
-128
-389
-312
-327
-150
-210
-53
-380
-100
-298
-98
9
-324
-153
-394
3
-369
-209
-128
-276
-374
-288
-108
-221
-411
-294
-447
-351
-227
-459
-365
-365
-401
-478
-79
-156
-189
-78
-55
-167
-437
-224
-51
-140
-259
-10
-434
-158
-153
-3
-238
-72
-326
-21
-287
-368
-59
-161
-215
-405
-69
-438
-185
-250
-218
-226
-91
-13
-236
-284
-41
-292
-99
-104
-77
-167
-329
-288
-24
-265
-161
-11
-498
-419
-7
-213
-499
-382
-440
-51
-449
-266
-396
-302
-214
-18
-209
-171
-7
-477
-122
-351
2
-175
-273
-420
-60
-383
-199
-401
-294
-109
-29
-461
-1
-201
-219
-324
-450
-140
-247
-5
-53
-137
-277
-155
-100
-320
-215
-475
-165
-103
-322
-269
-443
-391
-488
-417
-160
8
-158
-312
-391
-199
-458
-342
-460
-43
-231
-407
-377
-146
-160
-245
-307
-115
-179
-328
-364
-317
-426
-91
-127
-264
-338
-132
-231
-294
-441
-296
-314
-247
-37
-287
-122
-82
-299
-215
-259
5
-342
-27
-372
-337
-95
-97
-122
4
-261
-92
-265
-118
-425
-95
-75
-202
-491
-441
-483
-440
-406
-267
-41
-232
-6
-295
-21
-84
-153
-400
-318
-36
-132
-498
-253
-500
-245
-448
-127
-64
-68
-82
-413
-360
-69
-450
-229
-19
-315
-400
-54
-260
-84
-115
-92
-97
-188
-104
-448
-148
-241
-193
-150
-131
-207
-188
-352
-162
-58
-348
-306
-55
-116
-194
-275
-399
-263
-94
-191
-187
-490
-163
-456
-478
-14
-156
-383
-123
-305
-293
-363
-412
-225
-360
-452
-114
-447
-326
-184
-12
-68
-151
-13
-409
-273
-205
-367
-271
-365
-111
-279
-354
-345
-490
-445
-245
-395
-168
-402
-413
-221
-500
-238
-464
3
-452
-485
-424
-2
-453
-168
-425
-179
-240
-202
-225
-464
-179
-202
-367
-115
-136
-346
-400
-125
-142
-104
-9
-485
-135
-131
-13
-294
-479
-83
-380
-187
-404
-94
-186
-200
-459
-418
-276
-196
-488
-472
-176
-72
-431
-481
-455
-409
-178
-482
-159
-353
-157
-325
-224
-143
-176
-67
-83
-142
-175
-169
-96
-318
-297
-437
-58
-423
-429
-406
-285
9
-440
-10
-213
-182
-19
-255
-316
-30
-435
-356
-425
-193
-234
-420
-185
-450
-315
-55
-463
-330
-277
-33
-140
-321
-480
-456
-235
-144
-219
-110
-491
-123
-206
-193
-16
-305
-48
-474
-109
-88
-324
-336
-388
-445
-160
-256
-26
-445
-119
-422
-283
-348
-107
-52
-175
-8
-98
-136
-318
-343
-43
-102
-157
-32
-358
-20
-442
-120
-224
-248
-114
-265
-310
-164
-49
-148
-149
-232
-185
-110
-500
-305
-90
-13
-176
-179
-144
-468
6
-116
-449
-88
-169
-398
-130
-228
-259
-37
-332
-114
-104
-400
-89
-496
-278
-354
-130
-83
-69
-207
-422
8
-75
-488
-275
-372
-445
-499
-409
-376
-7
-239
-476
-10
-45
-246
-80
-397
-433
-177
-389
-64
-192
-78
-194
-180
-115
-75
-340
-81
-37
-298
-249
-8
-457
-28
-87
-66
-48
-89
-12
-366
-216
-458
-109
-383
-143
-448
-441
-128
-430
-117
-216
-438
-78
-271
-66
-197
-127
-191
-347
-386
-139
-66
-498
-41
-270
-232
-19
-81
-68
-456
-446
-285
-494
-15
-250
-453
-134
-308
-27
-465
-154
-5
-346
2
-132
-218
-125
-192
-255
-364
-292
-102
-337
-495
-61
7
-421
-95
-49
-350
-441
1
-43
-298
-151
-28
-439
-405
-131
-465
-150
-128
-316
-141
-234
-207
-479
-276
-359
-122
-246
-275
-275
-355
-465
-334
-462
-488
-186
-277
-340
-327
-321
-3
-411
-322
-108
-398
-480
-174
-212
-92
-41
-190
-50
-317
-446
-377
-4
-59
-376
-438
-427
-216
-201
-189
-393
-175
-221
-288
-395
-155
-494
-150
-118
-18
-134
8
-458
7
-187
-113
-61
-100
-394
-480
-248
-288
-438
-273
-194
-440
-102
-158
-129
-441
-101
-393
-139
-498
-128
-215
-47
-19
-353
-230
-141
-309
-108
-357
-105
-101
-395
-484
-22
-145
-86
-382
-289
-122
-392
-375
-474
-398
-289
-146
-21
-257
-66
-363
-31
-289
-62
-495
-437
-51
-331
-366
-404
-414
-80
-463
-262
-75
-456
-219
-74
-124
-66
-223
-9
-163
-359
1
-490
-422
-421
-433
-333
-480
-394
-479
-385
-276
-130
7
-282
-62
-389
-111
-121
0
-264
-174
-456
-185
-494
-295
-17
-89
-320
-265
-376
-29
-179
-158
-323
-363
-163
-484
-330
-180
-168
-492
-163
-308
-78
-279
-108
-398
-409
-118
-431
-229
-229
-404
-125
-331
-171
-370
-387
-312
-423
-212
-286
-22
1
-402
-221
-277
-72
-298
-406
-483
-15
-224
-104
-297
-379
-26
-210
-279
-334
-372
-158
-59
-496
-64
-333
-25
-306
-241
-394
-145
-500
-189
-357
-129
-158
-467
-56
-116
-399
-409
-81
-21
-279
-454
-160
-86
-114
-402
-442
-409
-407
-411
-185
-393
-118
-129
-205
-439
-45
-78
-296
-441
-230
-246
-214
-158
-33
-345
-412
-185
-32
-272
-207
-290
-10
-459
-250
-104
-46
-266
-261
-188
-83
-10
-135
-378
-73
-317
-265
-49
-127
-310
-462
-278
-310
-62
-5
-441
-209
-67
-170
-132
-425
-107
-307
-148
-95
-279
-75
-295
-258
-34
-39
-468
-298
-327
-316
-292
-90
-48
-211
-342
-52
-414
-425
-275
-361
-385
-291
-239
-201
-421
-75
-352
-325
-115
-441
-486
-37
-265
-429
-148
-2
-459
-343
-53
-139
-461
-271
-89
-493
-415
-359
-331
-22
-106
-179
-476
-380
-414
-452
-276
-185
-213
-398
-274
-142
-62
-221
-114
-426
-24
-478
-427
-40
-458
-475
-308
-429
-435
-492
-317
-303
-156
-346
-222
-290
-187
-280
-15
-301
-161
-190
-492
-478
-301
-339
-130
-456
-3
-458
-242
-454
-91
-480
-122
-159
-130
-235
-174
-109
-465
-163
-303
2
-220
-361
-61
-240
-140
-436
-8
-46
-98
-95
-319
-402
-73
-335
-182
-216
-168
-167
-325
-85
-335
-397
-25
-487
-209
-5
-388
-456
-104
-330
-168
-176
-456
-176
-454
-432
-80
-456
-248
-205
-278
-82
-140
-304
-453
-210
-125
-167
-216
9
-286
-60
-410
-330
-192
-57
-429
-198
-488
-441
-305
-89
-281
-164
-492
-432
-68
-470
-263
-66
-179
-80
-181
-394
-288
-497
-338
-289
-426
-407
-271
-324
-494
-30
-3
-410
-78
-435
-231
-247
-355
-8
-3
-141
-331
-259
-438
1
-62
-490
-183
-224
-115
-332
-356
-39
-348
-384
-30
-71
-318
-140
-399
-234
-298
-407
-475
-471
-25
-73
-298
-245
-77
-63
-87
-430
-382
-476
-446
-193
-72
-160
-386
-72
-182
-444
-157
-230
-183
-358
-268
-316
-195
-271
-25
-440
-380
-472
-15
-287
-297
-39
-263
-351
-55
-248
-466
1
-471
-479
-316
-430
-80
-40
-1
-301
-52
-99
-92
-262
-313
-369
-322
-395
-223
-340
-325
-383
-415
-384
-9
-209
-292
-183
-305
9
-142
-135
-335
-346
-432
-142
-151
-383
-191
-463
-210
-135
-248
-96
-343
-498
-69
-402
-274
-12
-492
-338
-179
-348
-289
-117
-295
-2
-340
-135
-184
-349
-276
-429
-433
-18
4
-296
-72
-34
-361
-302
-14
-125
-192
-141
-279
-289
-283
-77
-233
-308
-375
-248
-166
-469
-387
-201
-402
-18
-296
-386
-57
-252
-429
-163
-120
-266
-50
-168
-38
-273
-67
-209
-414
-471
-85
-434
-302
-473
-479
-354
-267
-253
-161
-341
-319
-418
-437
-326
-470
-209
-86
-119
-486
-443
-28
-402
-264
-175
-241
-186
-10
-154
-280
-73
-352
-70
-34
-103
-229
-444
-467
-295
-382
-449
-249
-359
-456
-7
-321
-181
-21
-20
-127
-309
-406
4
-397
-217
-477
-74
-445
-472
-430
-56
-299
-79
-57
-304
-65
-445
-69
-477
-86
-40
-187
-183
-422
-189
-238
-230
-7
-7
-40
-278
-48
-6
-32
-307
-201
-300
-236
-190
-448
-293
-309
-48
-214
-176
4
-475
-198
-234
-465
-54
-373
-34
-259
-419
-283
-455
-222
-430
-476
-475
2
-174
-192
-320
-400
-414
-466
-21
-298
-482
-478
-123
-182
-177
-464
-117
-122
-111
-173
-348
-51
-386
-427
-193
-205
-377
-213
-494
-219
-249
-142
-69
-23
-340
-407
-213
-301
-60
-282
-153
-26
-240
-438
-240
-475
-180
-480
-77
-442
-92
-275
-281
-153
-209
-165
-201
-54
-388
-426
-363
-472
-168
-178
-495
-270
-426
-138
-416
-123
-326
-337
-314
-337
-136
-442
-123
-28
-371
-48
-253
-333
-375
-194
-283
-481
-222
-16
-75
-394
-31
-8
-460
-478
-468
-347
-368
-307
-84
-107
-109
-437
-6
-112
-236
-43
-37
-465
-19
-46
-190
-411
-458
-182
-319
-205
-454
-289
-150
-211
-473
-59
-21
-453
-94
-372
-437
-216
-111
-275
-45
-448
-395
-154
-62
-340
-396
-360
-204
6
-409
-409
-204
5
-317
-298
-343
-3
-327
-331
-388
-245
-213
-326
-351
-476
-28
-261
-76
-330
-413
-278
-204
-102
-370
-303
-442
-249
-182
-269
-103
-297
-142
-238
-428
-255
-62
-59
-412
-316
-19
-7
-312
-347
-318
-127
-33
-356
-357
-187
-417
-411
-291
-82
-113
-405
-487
-23
-216
-5
-246
-12
-306
-313
-455
-278
-165
-161
-448
-35
-41
-485
-334
-498
-398
-98
-115
-293
-63
-454
-299
-292
-168
-170
-67
-480
-286
-213
-251
-210
-392
-105
-116
-355
-34
-428
-431
-115
-84
-19
-482
-112
-71
-356
-186
-324
-95
-219
-260
-19
-440
-293
-32
-290
-319
-471
-281
-274
-191
-285
-272
-100
-488
-201
3
-260
-206
-359
-174
-479
-371
-489
-195
-263
-362
-131
-407
-7
-440
-133
-303
-242
-417
-493
-75
-327
-78
-375
-79
-181
9
-249
-360
-248
-25
-449
-479
-104
-32
-30
-320
-99
-350
-151
-205
-56
-274
-423
-7
5
-460
-375
-352
-196
-236
-168
-410
-153
-328
-290
-349
-10
-56
-337
-59
-395
-166
-356
-151
-282
-206
-447
-254
-202
-230
-255
-56
-344
-353
-201
-316
-67
-32
-33
-46
-310
-229
-16
-249
-141
-393
-405
-283
-149
-1
-169
-305
-342
-65
2
-216
-120
-163
-273
-495
5
-15
-323
-487
-18
-483
-135
-6
-100
-91
-362
-244
-128
-318
-191
-496
-17
-273
-361
-480
-90
-492
-161
-5
-398
-19
-82
-29
-249
-75
-191
-114
-455
-459
-334
-459
-410
-396
-106
-65
-363
-180
-383
-118
-411
-11
-349
-79
-445
-328
-274
-116
-384
-249
-40
-177
-452
-396
-441
-160
-90
-209
-471
-200
-399
-262
-445
-213
-68
-287
-209
-349
-488
-45
-487
-237
-319
-489
-173
-274
-285
-3
-230
-374
-437
-128
-347
-72
-332
-436
-393
-20
-420
6
-241
-207
-424
-284
-445
-233
-396
-182
-490
-131
-409
-287
-67
-145
-163
-32
-397
-461
-89
-93
-53
-292
-218
-21
-198
-368
-345
-450
-134
-71
-135
-56
-156
-20
-314
-196
-56
-315
-71
-72
-38
-311
-316
-296
-439
-413
-412
-338
-114
-260
-293
-135
-45
-269
-186
-447
-10
-155
-467
-345
-387
-223
-21
-432
-450
-264
-142
-44
-420
-170
-224
-76
-167
-44
-205
-104
-24
-250
-27
-371
-374
-272
-4
-496
-69
-392
-497
-28
-280
-24
-318
-21
-499
-286
-58
-281
-326
-60
-484
-429
-486
-107
-426
-309
-155
-487
-229
-153
-173
-168
-129
-39
-74
-83
-46
-68
-325
1
-216
-383
-128
-471
-382
-292
-99
-267
-397
-379
-109
-110
-485
-202
-340
7
-5
-71
-138
-317
-330
-331
-167
-441
-300
-63
-478
-97
-314
-253
-432
-427
-489
-416
-387
1
-16
-113
-145
-172
-288
-283
-384
-269
-47
-219
-73
-181
-33
-249
-353
3
-462
-468
-276
-351
-12
-409
-42
0
-485
-128
-1
-308
-217
-432
-101
-121
-251
-2
0
-121
-359
-369
6
-155
-162
-159
-161
-82
-472
-363
-162
-323
-406
-485
-83
-409
-134
-34
-182
-482
-81
-246
-252
-498
-196
-44
-292
-276
-289
-287
-257
-441
-496
-425
-164
-196
-358
-427
-182
-37
-276
-185
-299
-368
-14
-420
-118
-495
-176
-103
-23
-258
-158
-218
-15
-299
-324
-49
-239
-209
-219
-103
-212
-440
-104
-234
-211
-198
-359
-118
-497
-84
-68
-376
-33
-172
-268
-151
-415
-475
-336
-199
-59
-172
-188
-322
-417
-195
-481
-426
-359
-34
-96
-476
-129
-42
-287
-360
-350
-183
-465
-221
-290
-130
-30
-111
-461
-464
-170
-254
-344
-336
-261
-327
-63
-17
-65
-314
-346
-241
-117
-19
-300
-387
-96
-415
-40
-167
-142
-206
-473
-187
-451
-160
-337
-326
-79
-187
-372
-170
-292
-265
-69
-460
-142
-159
-344
-77
-82
-427
-202
-338
-336
-219
-418
-484
-404
-221
-462
-232
-151
5
-60
-224
-187
-449
-356
-346
-337
-472
-299
-69
-292
-54
-302
4
-326
-36
-288
-249
-357
-363
-376
-244
-200
-249
-427
-366
-11
-128
-105
-500
8
-20
-330
-4
-230
-219
-434
-423
-349
-120
-439
-304
-421
-197
-478
-244
-380
-227
-278
-307
-447
-337
-203
-253
-285
-336
-223
-222
-112
-325
-500
-189
-92
-113
-211
-152
-141
-433
-186
-431
-392
1
-487
-69
-95
-173
-132
-140
-26
-174
-72
-170
-78
-471
-19
-150
-194
-272
-70
-327
-3
-316
-243
-72
-196
-235
-229
-30
-49
-439
-135
-57
-355
-460
-285
-497
-224
-343
-160
-377
-19
-9
-475
-137
-361
-468
-358
-429
-372
-351
-376
-148
-361
-365
-57
-381
-387
-30
-116
-172
-222
-494
-89
-98
-205
-330
-322
-427
-377
-198
-480
-140
-62
-116
-211
-84
-115
-29
-283
-182
-402
-117
-101
-460
-90
-264
-153
-363
-312
-351
-487
-360
-412
-315
-255
-394
-435
-397
-26
-12
-124
-432
3
-305
-23
-44
-344
-119
-40
-294
-41
-393
-74
-259
-468
-241
-345
-405
-89
-336
-157
-472
-474
-131
-406
-70
-179
-328
-407
-305
-65
-291
-500
-89
-81
-270
-376
-460
-278
-302
-366
-340
-224
-34
-54
-311
-191
-89
-164
-250
-489
-147
-43
-370
-430
-248
-479
-295
-454
-386
-493
-192
-160
-45
-462
-428
-240
-68
-347
-380
-101
-90
-393
-179
-303
-393
-252
-167
-180
-171
-383
-273
-273
-165
-178
-237
-204
-115
-335
-437
-360
-104
-149
-7
-144
-279
-467
-33
-30
-248
-375
-199
-365
-477
-354
-162
-317
-191
-427
-485
-364
-8
-242
-269
-174
-359
-230
-17
-67
-401
-484
-500
-299
-76
-254
-210
-85
-465
-183
-68
-375
-91
-248
-234
-204
-217
-24
-77
-459
-287
-117
-181
-18
-183
-463
-70
-236
-209
-328
-406
-43
-190
-244
-38
-263
-391
-414
-303
-150
-395
-83
-233
-156
-219
-123
-86
-477
-157
3
-96
-312
-289
-167
-443
-24
-477
-400
-433
-479
-195
-111
-110
-66
7
-330
-295
-389
9
-91
-350
-128
-229
-75
-391
-185
-112
-361
-149
-23
-467
-127
-7
-414
-116
-164
-253
-442
-396
-111
-57
-41
-306
-496
-189
7
-108
-15
-122
-216
-378
-2
-366
-86
-297
-68
-450
-125
-201
-86
-94
-409
-338
-265
-217
-339
-94
-16
-357
-458
-372
-122
-51
-291
-119
-410
-251
-234
-456
-428
-151
-132
-471
-491
-439
-334
-98
-498
-212
-221
-154
-312
-478
-432
-304
-143
-294
-67
-49
-138
-414
-291
-302
-369
-188
-2
-24
-247
-189
-335
-122
-171
-460
-382
-359
-84
-232
-243
-318
-147
-205
-257
-305
-467
-241
-314
-170
-406
-500
-40
-451
-339
-420
-321
-129
-102
-155
-444
-492
-61
-380
-498
-395
-90
-288
-494
-385
-220
-365
-77
-125
-434
-105
-434
-339
-199
-204
-96
-194
-217
-60
-18
-332
-263
-129
-318
-191
-474
-300
-334
-257
-196
-306
-381
-407
-193
-187
-99
-10
-292
-304
3
-335
-346
-400
-378
-377
-448
-496
-32
-208
-481
-250
-453
-376
-49
-125
-12
-367
-324
-47
-182
-67
-458
-342
-251
-289
-319
-170
-469
-403
-38
-485
-391
-338
-239
-105
-8
-449
-374
-385
-449
-144
-188
-248
-278
-4
-269
-411
-252
-450
-225
-250
-301
-324
-378
-402
-345
-195
-69
-388
-73
-408
-110
-247
-453
-293
-10
-230
-354
-466
-480
-178
-150
-83
-235
-82
-477
-480
-321
-446
-442
-312
-142
-211
-310
-401
9
-402
-34
-186
-102
-162
-30
-47
-54
-250
-206
-317
-453
-185
-45
-340
-332
-280
-298
-104
-404
-497
-448
-129
-159
-107
-193
-77
-222
-469
-278
-181
-484
-312
-76
-369
-408
-305
-2
-135
-160
-165
-432
-191
-356
-5
-422
-114
-396
-38
-204
-4
-346
-382
-411
-258
-207
-437
-159
-363
-264
-23
-73
-365
-467
-356
7
-84
-307
-16
-32
-212
-7
-395
-376
-195
-50
-303
-290
-225
-134
-284
-63
-308
-497
-174
-203
-107
-315
-383
-18
-117
-384
-172
-270
-144
-392
-198
-24
-178
-244
-459
-76
-440
-364
-490
0
-354
-47
-355
-205
-353
7
-482
-91
-312
-95
-372
-353
-375
-117
-159
-352
-189
-445
-13
-86
-483
-330
-470
-122
-136
-496
-327
-475
-318
-422
-192
-92
-434
-309
-94
-430
-180
-295
-352
-431
-83
-82
1
-7
-372
-230
-439
-499
-135
-45
-70
-258
-407
-238
-198
-378
-89
-209
-81
-134
-357
-145
-131
-104
-194
-4
-239
-281
-450
-447
-392
-485
-238
-217
-463
-462
-433
-476
-169
-366
-93
-246
-259
-395
-205
-88
-339
-110
-393
-442
-492
-350
-202
-25
-102
-487
-28
-211
-53
-251
-302
-500
-415
-122
-204
-355
-262
-271
-376
-135
-344
-37
-388
-216
-152
-258
-497
-205
-248
-80
-247
-350
-342
-382
-97
-421
-440
-196
-149
-173
-274
-392
-478
-290
-82
-217
-388
-257
-415
-287
-481
-495
-137
-116
-388
-220
-378
-425
-243
-312
-301
-481
-24
-477
-323
-265
-266
-432
-238
-25
-433
-134
-158
-58
-416
-29
-152
-145
-81
-367
-286
-16
-299
-28
-97
-152
-71
-469
-287
-490
-284
-217
-423
-230
-428
-285
-186
-95
-187
-365
-174
-206
-50
-416
-383
-459
-79
-314
-7
-238
-415
-345
-166
-311
-190
-411
-474
-487
-230
-361
-31
-119
1
-225
-88
-102
-125
-23
-160
-359
-357
-448
-255
-66
2
-358
-226
-357
-226
-375
-58
-101
-389
-265
-26
-364
-8
-486
-461
-355
-124
-272
-170
-66
-2
-182
-186
-75
-272
-159
-201
-316
-486
-177
-48
-103
-3
-221
-202
-499
-459
-428
-57
-460
-62
-213
-298
-315
-312
-202
-333
-492
-218
-468
-237
-26
-75
-406
-478
-157
-247
-223
-82
-146
-301
-12
-244
-209
-391
-293
-499
-313
-101
-130
-12
-105
-257
-104
-87
-89
-185
-351
-125
-489
-445
-278
-188
-322
-26
-95
-162
-211
-356
-420
-373
-323
-480
-104
-4
-277
-92
-469
-273
-221
-116
-287
-214
-483
-472
-304
-123
-318
-370
-226
-479
-398
-274
-451
-372
-70
-403
-203
-76
-105
-116
-257
-367
-92
-482
-378
-125
-153
-210
-232
-113
-20
-267
-27
-331
-28
-168
-51
-172
-94
-321
6
-174
-304
-34
-319
-361
-283
-446
-469
-179
-96
2
-79
-211
-488
-191
-67
-314
-376
-206
-153
-94
-453
-29
-350
-96
-167
-282
-398
-448
-133
-51
-216
-66
-121
-165
-485
-417
-373
-268
-478
-95
-399
-249
-315
-325
-66
-224
-334
-386
-319
9
-351
-396
-205
-203
-425
-50
-346
-384
-484
-195
-479
-12
-384
-295
-263
-171
-259
-407
-63
-185
-223
-213
-188
-363
-298
-40
-91
-222
-30
-17
-263
-385
-144
-112
-277
-126
-430
-391
-125
-197
-389
-34
-210
-382
-254
-82
-117
-405
-269
-249
-163
-99
-399
-450
-156
-77
-455
-209
-148
-455
-395
-38
-233
-395
-387
-439
-203
-169
-387
-486
-483
-317
-419
-233
-186
-136
-265
-147
-118
-490
-83
-245
-477
-431
-351
-131
-177
-81
-210
-370
1
-257
-20
-132
-481
-427
-421
-133
-465
-59
-42
-342
-315
-53
-23
-205
-385
-280
-187
-218
-404
-95
-292
-173
-402
-130
-6
-141
-243
-237
-452
-82
-428
-411
-481
-155
-426
-162
-465
-25
-290
-402
-263
-338
-140
-206
-417
-485
-399
-192
-332
-242
-119
-288
-429
-291
-484
-485
-461
-134
-249
-242
-287
-472
-419
-4
-160
-98
-76
-373
-228
-165
-339
-208
-22
-346
-22
-297
-473
-482
-172
-97
-79
8
-105
-263
-362
-403
-347
-219
-389
-173
-119
-409
-77
-322
-215
-151
-415
-350
-489
-445
-371
-276
-383
-230
-145
-78
-113
-369
-126
-171
-71
-252
-427
-412
-291
-358
-110
-253
-232
-41
-341
-4
-37
-170
-189
-223
-479
-498
-71
-214
-347
-192
-228
-262
-271
-491
-112
-184
-475
-373
-449
-440
-446
-253
-421
-203
-102
-49
-415
-225
-36
-320
-442
-57
-107
-150
-14
-95
-86
-196
-22
-438
-57
-212
-125
-96
-156
-262
-248
-353
-314
-17
-465
-288
-490
-189
-429
-438
-128
-367
-157
-340
-430
-129
-489
-392
-467
-144
-14
-274
-112
-213
-241
-111
-114
-191
-25
-136
-217
-486
-49
-289
8
-433
-186
8
-107
-140
-109
-57
-281
-237
-357
-477
-299
-495
-284
-65
-35
-409
-461
-261
-376
-61
3
-48
-10
-115
-215
-332
-116
-271
-249
-262
-138
-164
-463
-375
-356
-409
-306
-103
-91
-47
-33
-351
-404
-500
-269
-439
-315
-453
-48
-48
-238
-333
-146
-54
-172
-179
-415
-216
-411
-173
-422
-67
-76
-308
-280
-56
-458
-39
0
-64
-176
-52
-267
-65
-144
-233
-254
-35
-299
-25
-417
-323
-207
-20
-151
-56
-46
-69
-480
-183
-489
-164
0
-74
-85
-239
-227
-38
-1
-307
-278
-213
-402
-330
-409
-441
-483
-283
-459
-60
-279
-259
-71
-201
-94
-299
-284
-416
-429
-8
-201
-225
-179
-60
-373
-416
-468
-210
-148
-33
-186
-144
-375
-360
-470
-280
-175
-246
-185
-292
-303
-310
-398
-44
-261
-339
-139
-13
-268
-185
-91
-125
-42
-489
-111
-40
-246
-55
-50
-412
-474
-256
-205
-273
-489
-75
-249
-377
-9
-410
-261
-177
-368
-389
-83
-224
-220
-284
-330
-406
-378
-460
-13
-81
-267
-195
-424
-438
-470
-429
-354
-231
-61
-159
-481
-417
-485
-473
-91
-310
-405
-219
-492
-176
-34
-223
-128
-260
-48
-151
-177
-428
5
-385
-458
-365
-490
-325
-254
-236
-440
-119
-486
-476
-416
-427
-175
-46
-2
-116
-431
-247
-340
-473
-183
-483
-250
-59
-265
-442
-398
-270
-25
-244
-232
-196
-142
-357
-146
-7
-119
-102
-324
-234
-210
-46
-177
-340
-468
-232
-443
-106
-350
4
-392
-251
-64
-20
-446
-84
-497
-209
-493
-258
-389
-115
-7
-419
-301
-411
-73
-228
-378
-236
-454
-244
-281
-358
-429
-429
-186
-91
-15
-487
-234
-67
-499
-313
-171
-321
-409
-100
-468
-287
-230
-472
-89
-101
-1
-81
-447
-45
-183
-304
-345
-492
-154
0
-471
-397
7
-271
-168
-344
-457
-27
-491
-52
-74
-164
-6
-399
-114
-317
-260
-176
-129
-219
-75
-263
-350
-263
-348
-441
-260
-271
-103
8
-31
-113
0
-319
-489
-341
-70
-292
-321
-64
-340
-483
-91
-232
-311
-163
-328
-387
-198
-74
-69
-371
-44
-330
-8
-302
-110
-138
-353
-36
-482
-139
-99
-385
-162
-216
-454
-111
-157
-164
-456
-91
-268
-65
-18
-55
-312
-274
-433
-166
-43
-43
-78
-227
-132
-438
-289
-315
-396
-473
-142
-161
-105
-188
-164
-412
-448
-1
-135
-488
-64
-465
-10
-199
-49
-403
-138
-69
-50
-12
-260
5
-29
-173
-436
-444
-67
-342
-376
-357
-258
-396
-155
-493
-138
-159
-64
-416
-382
-78
-147
-447
-183
-78
-151
-426
-276
-401
-496
-230
-350
-397
-306
-253
-232
-350
-177
-186
-215
-120
-464
-99
-205
2
-155
-123
-352
-222
-430
-424
-216
-385
-496
-416
-309
-254
-397
-326
-317
-167
-287
-239
7
1
-349
-419
-230
-323
-425
-115
-492
-27
-47
-10
-161
-122
-123
-51
-283
-155
-228
-92
-133
-499
-105
-54
-436
-370
-107
-287
-425
-476
-489
-151
-369
-325
-41
-349
-253
-352
-351
5
-261
-265
-118
-162
-133
-99
-152
-147
-99
-180
-380
-306
-99
-16
-459
-222
-133
-492
-398
-397
-447
-444
-419
-454
-19
-344
-134
-363
-62
-385
-80
-440
-434
-278
-441
-459
-439
-278
-149
-444
-354
-225
-156
-320
-472
-464
-220
-424
-442
-309
-37
-9
-94
-141
-82
-136
-176
-256
-265
-469
-212
-358
-263
-304
-245
-224
-174
-61
-121
-294
-400
-405
-452
-48
-178
-358
-132
-72
2
-404
-365
-118
-280
-30
-361
-69
-46
-452
-362
-250
-388
-83
-237
-12
-76
-427
-386
-156
-477
-453
-214
-482
-371
-174
-181
-23
-457
-155
2
-375
-438
-336
-123
-103
-74
-181
-321
-90
-446
-464
-362
-331
-469
-234
-360
-55
-380
-115
-4
-132
-41
-371
-455
-471
-266
-214
-304
-419
-100
7
-116
-228
-80
-263
-255
-16
-95
-69
-75
-267
-281
-69
-422
-49
-129
-431
-499
-174
-403
-226
-241
-254
-114
-348
-331
-335
-389
-120
-243
-357
-373
-441
-7
-95
-325
-65
-25
-495
-57
-50
-141
-140
-92
-67
-155
-106
-258
-484
-443
-285
-36
-119
-78
-267
-229
-345
-217
-315
-160
2
-251
-343
-51
-283
-55
-187
-300
-451
-170
-289
-13
-364
-471
-356
-57
-280
-335
-386
-97
-92
-359
-207
-71
-322
-288
-375
-386
-136
-411
-306
-46
-414
0
-230
-114
-44
-298
-268
-133
-132
-288
-406
-123
-165
-26
-212
-193
-273
-313
-96
-311
-238
-286
-132
-185
-242
-442
-406
-304
-351
-163
-251
-406
-387
-179
-276
-434
-448
-481
-349
-131
-399
-38
-50
-409
-375
-309
-69
-201
-104
-473
-273
-286
-353
-466
-323
-149
-36
-74
-396
-308
-71
-182
-315
-442
-172
-344
-230
-476
-6
-491
-448
-212
-183
-166
-125
-483
-246
-208
-92
-96
-423
7
-398
-331
-290
-93
-92
-85
-264
-487
-83
-469
-407
-318
-217
-372
-7
-124
-379
-466
-166
-123
-48
-375
-55
9
-451
-148
-442
-417
-205
-346
-342
-158
-45
-20
-107
-328
-435
-218
-8
9
-205
-67
-92
-306
-318
-439
-383
-443
-335
-411
-102
-144
-23
-324
-364
-279
-147
-110
-317
-439
-99
-402
-360
9
-374
-191
-225
-426
-400
-339
-64
-497
-311
-263
-325
-9
-388
-484
-218
-436
-427
-377
-430
-297
-23
-137
-53
-368
-352
-307
-335
-121
-473
-351
-409
-87
-345
-337
-67
-341
-498
-464
-374
-390
-11
-121
-272
-21
-379
-307
-325
-164
-495
-497
-305
-370
-135
-61
-359
-195
-128
-481
-180
-171
-401
-223
-440
-301
-255
-362
-490
-340
-271
-381
-108
-165
-484
-322
-225
-93
-41
-299
-70
-185
-466
-394
-224
-48
-261
-339
-157
-317
-13
-484
-374
-407
-278
-403
-44
-382
-147
-118
-217
-419
-127
-26
-266
-419
-132
-275
-356
-323
-111
-79
-476
-377
-223
-397
-347
-14
-81
-329
-166
-461
-236
-310
-442
-131
-67
-145
-145
-37
-65
-108
-217
-60
-199
-281
-59
-460
-255
-231
-408
-401
-34
7
-47
-286
-64
-422
-489
-498
-473
-216
-238
-196
-14
-285
-154
-157
-15
-117
-25
-447
-484
-399
-291
-309
-298
-348
6
-202
-314
-5
-6
-111
-173
-425
-482
-196
-377
-119
-135
-370
-334
-263
-384
8
-285
-243
-261
-391
0
-241
-271
-350
-496
-464
-454
-190
-384
-15
-40
-76
-227
-332
-316
-269
-494
-198
-293
-83
-22
-382
-169
-337
-88
-425
-5
-430
-208
-38
-89
-414
-137
-82
-113
-480
-430
-394
-246
-424
-264
6
-472
-335
-409
-112
-84
-476
-111
-437
-183
-118
-6
-77
-411
-343
-403
-120
-465
-56
-103
-214
-245
-398
-303
-404
-242
-418
-468
-232
-187
-380
-269
-416
-26
-312
-409
-163
-472
-173
-442
-204
-344
-65
-189
-50
-404
-171
-197
-429
-296
-276
-281
-86
-207
-410
-4
-32
-257
-68
-237
-122
-479
-109
-28
-386
-258
-127
-32
-100
-460
-281
-468
-7
-494
-5
-205
-126
-136
-328
-472
-487
-462
-240
-384
-457
-205
-248
-249
-95
-450
-285
-179
-442
-14
-55
-261
-82
-77
-289
-421
-66
-381
-181
-43
-84
-309
-36
-305
-85
-209
-264
-162
-71
-460
-194
-280
-149
-156
-245
-280
-487
-133
-486
-322
-497
-401
-114
-140
-36
-66
-155
-335
2
-171
-158
-192
-478
-165
-355
-345
-118
-200
-385
3
-460
-415
-227
-189
2
-446
-366
-30
-110
-338
-129
1
-3
-91
-349
-499
-54
-403
-330
-292
-482
-360
-121
-200
-253
-181
-303
-51
-245
-435
-416
-348
-423
-103
-245
-98
-199
-84
-295
-195
-339
-181
-54
-366
-385
-32
-232
-363
-201
-25
-154
-289
-27
-171
-228
-470
-288
-357
-375
-157
-460
-304
-438
-123
-135
-141
-103
-424
-418
-329
-142
-118
6
-238
-362
-350
-301
-264
-386
-183
-326
-23
-481
-312
-30
-69
-274
-284
-337
-444
-105
-69
-144
-222
-16
-394
-184
-497
-364
-499
-127
-458
-21
-71
-206
-171
-106
-11
-407
-423
-330
-214
-73
-391
-185
-124
-239
-342
-457
-406
-304
-341
-193
-281
-302
-147
-307
-228
-201
-136
-291
-175
-428
-401
-164
-238
-401
-269
-384
-18
-168
-217
-486
-456
-342
-49
-364
-446
-157
-350
-442
-160
-172
-366
-289
-68
-23
-239
-118
-293
-76
-25
-166
-38
-492
-363
-22
-414
-255
-375
-13
-456
-351
-145
-365
-281
-416
-280
-111
-328
-338
-479
-223
-409
-103
-66
-276
-22
-83
-477
-385
-380
-71
-193
-316
-294
-110
-452
-400
-202
-72
-358
-86
-391
-413
-151
-80
-337
-151
-494
-333
-392
-222
-344
-420
-2
-250
-456
-358
-25
-344
-480
-260
-492
-147
-19
-444
-3
-428
-471
-148
-76
-364
-167
-285
-326
-249
-69
-18
-126
-282
-468
-119
-300
-170
-323
-455
-407
-215
-286
-165
-57
-250
-310
-180
-495
-286
-221
-162
-283
-297
-254
-411
-457
-96
-174
-78
-7
-326
-62
-205
-100
-402
-153
-183
-476
-244
-159
-19
-447
-155
-61
-206
-487
-59
-486
-227
-151
-82
-84
-398
-66
0
-444
-478
-262
-86
-289
-94
-174
-162
-150
-22
-168
-262
-398
-177
-124
-328
-24
-299
-292
-83
-364
-38
-69
-214
6
-494
-348
-294
-492
-362
-7
-461
-366
-485
-262
-361
-250
-54
-127
-109
-412
-92
-498
-293
-339
-350
-210
-468
-176
-297
-256
-227
-92
-394
-158
-155
-8
-147
-220
-159
-318
-279
-238
-225
-59
-275
-161
-150
-334
-186
-64
-66
-222
-219
-451
-293
-396
-125
-68
-265
-224
1
-211
-70
-442
-128
-279
-444
-133
-282
-187
-466
-105
-61
-450
-86
2
-155
-3
-390
-481
-122
-277
-99
-141
-216
-133
-474
-393
-405
-30
-169
-242
-50
-413
-132
-294
-355
-88
-434
-235
-341
-72
-108
-339
-475
-419
-119
-320
-181
-284
-107
-280
-208
-29
-317
-165
-149
-154
4
-32
2
-293
-432
-180
-185
-409
-191
-402
-162
-201
-484
-110
-282
-222
-83
-361
-35
-115
-472
-78
-426
-258
-426
-132
-134
-53
-184
9
-144
-49
-257
-81
-260
-407
-213
-319
-21
-318
-72
-176
-116
-281
-454
-41
-374
-457
-179
-205
-246
-202
-136
-85
-421
-408
-437
-370
1
-20
-374
-278
-358
-334
-277
-282
-62
-262
-144
-328
-278
-84
-290
-139
-30
-465
-57
-265
-117
-256
-278
-191
-235
-491
-469
-339
-264
-365
-52
-358
-106
-100
-98
-122
-340
-244
-225
-148
-413
-287
-212
-177
-413
-456
-474
-109
-78
-214
-286
-114
-154
-306
-407
-470
-461
-248
-461
-43
-484
-395
-381
-195
-366
-162
-85
-368
-462
-247
-393
-105
-62
-406
-497
-17
-340
-197
-242
-86
-211
-151
-118
-279
-41
-329
-269
-407
-56
-130
-491
-79
3
-399
-500
-43
-255
-486
-390
-314
-421
-103
-189
-494
-318
-25
-169
-427
-257
-458
-350
-348
-491
-88
-67
-86
-147
-259
-478
-267
-164
-356
-229
6
-419
-450
-104
-137
-329
-180
-412
-368
-182
-459
-251
-223
-455
-201
-236
-89
-25
-68
-14
-83
-1
-272
-170
-83
-298
-316
-96
-127
-246
-424
-63
-172
-352
1
-109
-19
-413
-66
-161
-259
-278
-68
-69
-322
-137
-355
-202
-264
-405
-108
-115
-88
-294
-405
-124
-71
-249
-140
-441
-48
-256
-211
-114
-8
-402
-38
-164
-345
-256
-3
-283
-204
-251
-113
-57
-111
-237
-215
-435
-313
-244
-68
-356
-281
-124
-247
-289
-170
-167
-67
-25
-136
-446
-316
-10
-286
-441
-71
-410
-274
-135
-369
-205
-183
-227
-207
-78
-152
-27
-92
-191
-211
-353
-230
-481
-104
-34
-429
-432
-222
-354
-345
-198
-53
-437
-126
-122
-14
-274
-324
-26
-364
-186
-15
-427
-161
-44
-243
-369
-472
-461
-328
-245
-360
-335
-332
-77
-15
-358
-185
-225
-399
-148
-199
-332
-38
-404
-406
-15
-357
-285
-101
-168
-319
-354
-366
-316
-497
-450
-386
-364
-368
-315
-192
-449
-115
-209
-307
-263
-246
-267
-390
-15
-485
-97
-99
-346
-240
-220
-64
-398
-32
-70
-86
-307
-251
-163
-269
-34
-469
-13
-428
-108
-93
-118
-423
-108
-391
-267
-431
-168
-250
-113
-482
-395
-208
-227
-240
-415
-480
-339
-304
-65
-390
-484
-254
-149
-162
-113
-370
-246
-75
-327
-272
-299
-378
-45
-406
-211
-217
-82
-361
-262
-169
-427
-365
-349
-426
9
-64
-246
-301
-164
-29
-170
-222
-3
-407
-430
-111
-223
-397
-128
-117
-99
0
-25
-492
-381
-117
-267
-257
-130
-118
-372
-439
-416
-327
-137
-385
-79
-165
-431
-5
-1
-1
-317
-444
-206
-397
-1
-311
-77
-57
-497
-178
-412
-456
-36
-129
-418
-432
-327
-246
-362
-305
-485
-328
-342
-254
-459
-139
-77
-16
-432
-192
-309
-327
-410
-16
-155
-265
-333
-430
-467
-40
-212
-305
-472
-139
-225
-443
-442
-305
-31
-308
-468
-313
-4
-118
-220
-127
-49
-206
-315
-418
-340
-74
-351
-9
-115
-56
-254
-73
-199
-386
-55
-70
-19
-65
-465
-331
-296
-484
-242
-391
-72
-54
-265
-447
-230
-247
-64
-145
-272
-152
-144
-490
-348
-403
-312
-288
-211
-222
-372
-451
-45
-454
-107
-108
-364
-240
-93
-72
-329
-45
-46
-229
-10
-239
-395
-137
-480
-391
-130
-250
-92
-173
-146
-229
-395
-495
-137
-227
-34
3
-450
-416
-146
-354
-138
-123
-320
-484
-20
-343
-306
-289
-217
-186
-269
-352
-206
-89
-421
-309
-437
-49
-387
-156
-382
-359
-480
-225
-469
-441
-8
-159
-305
-236
-309
-239
-133
-381
-165
-144
-253
-169
-286
-488
-44
-48
-133
-293
-238
-353
-98
-463
-198
-260
-432
-285
-420
-145
-399
-192
-309
-345
-320
-449
-363
-94
-469
-290
-341
-232
-234
-295
-137
-447
-422
-245
-112
-9
-75
-313
-65
-70
-87
-197
6
-89
-492
-10
-80
-299
-51
-58
-261
-14
-153
-316
-333
-110
-99
-426
-484
-253
-134
-159
-22
-266
-474
-339
4
-425
-403
-360
-21
-129
-394
-170
-77
-239
-97
-83
-307
-286
-416
-147
-123
-264
-438
-201
-83
-476
-493
-356
-237
-317
-332
-377
-375
-429
-290
-52
-105
-362
-39
-58
-205
-386
-5
-233
-245
-428
-5
-179
-251
-327
-446
-312
-70
-170
-195
-481
-62
-496
-141
-498
-295
-485
-413
-484
-369
-376
-227
-173
-306
-158
-28
-41
-425
-405
-133
-176
-251
-383
-456
-81
-186
-426
-68
-134
-110
-113
-440
-92
-448
-241
-154
-391
-264
-139
-351
-378
-313
-186
-490
-183
-183
-78
-430
-226
-53
-69
-31
-494
-244
-258
-277
-425
-409
-376
-228
-34
-217
-244
-71
-8
-355
-469
-48
-102
-210
-70
-372
-89
-446
-248
-40
-374
-271
-221
-99
-296
-206
-56
-302
-331
-170
-134
-233
-313
-274
-251
-23
-227
-196
-84
-462
-99
-166
-393
-272
-468
-155
-61
-217
-141
-152
-474
-243
-225
-218
-290
-315
-202
-437
-379
-76
-418
-261
-331
-445
-463
-277
-49
-376
-417
-237
-65
-128
-175
-205
-488
-271
-300
-79
-152
-136
-359
-212
-466
-39
-347
-74
-197
-410
-461
-170
-126
-254
-233
-446
-395
-397
-52
-123
-397
-348
-454
-195
-452
-426
-55
0
-334
-77
-332
-291
-373
-325
-31
-326
-214
-318
-158
-189
-180
-263
-49
-169
-68
-53
-314
-119
-435
-165
-74
-119
-439
-140
-310
-96
-73
-408
-402
-263
-155
-208
-74
-230
-88
-169
-30
-9
-126
-298
-27
-479
-101
-454
-219
-247
-166
-189
-419
-29
-57
-324
-435
-175
-457
-460
-269
-278
-337
-482
-474
-251
-452
-236
-281
-438
-209
-278
-81
-395
-76
-464
-317
-433
-217
-50
-172
-70
-287
-317
-448
-317
-409
-286
-151
-396
-346
-162
-81
-480
-425
-56
-115
-18
-348
-85
-172
-66
-433
-21
-215
-177
-89
-36
-443
-221
-166
-459
-351
-39
-51
-405
-111
-437
-487
-337
-493
-57
-48
-321
-325
-104
-153
-77
-27
-497
-282
-417
-315
-395
-148
-301
-300
-404
-45
-436
-116
-237
-1
-384
-366
-143
-117
-38
-211
-10
-237
-311
-90
-376
-430
-8
-141
-402
-423
-464
-68
-414
-187
-284
-48
-182
-57
-40
-178
-313
-218
-270
-16
-261
-4
-364
-39
-393
-464
-163
-497
-332
-57
-380
-436
-215
-498
-392
-84
-151
-413
-184
-424
-177
-464
-395
-500
-435
6
-102
-404
-492
-443
-140
-427
-143
-148
-205
-197
-42
-335
-193
-197
-122
-203
-3
-12
-55
-315
-189
-80
-250
-139
-83
-99
-376
-331
-121
-49
-210
-257
-353
-398
-481
-445
-218
-309
-214
-249
-490
-187
-258
-1
-266
-412
-356
-304
-482
-126
-466
-394
-254
-449
-206
-259
-280
-295
-54
-464
-78
-200
2
-443
-22
-194
-394
9
-343
-478
-71
-414
-418
-120
-302
-180
-428
-385
-500
-57
-367
-409
-344
-65
-481
-387
-390
-472
-362
-470
-417
-393
-394
-333
-168
-266
-418
-394
-256
-287
-133
-88
-293
-242
-130
-431
0
-127
-399
-84
-478
-79
-67
-344
-331
-36
-7
6
-305
-441
-50
-198
-250
-244
-315
-116
-306
-317
-7
-6
-226
-99
-350
-24
-485
-88
-370
-94
-289
-387
-71
-84
-341
-41
-397
-331
-153
-43
-286
-241
-295
-485
-396
-270
-372
-440
-312
-493
-91
-32
-461
-310
-198
-280
-392
-25
-461
-437
-84
-149
-348
-75
-96
-285
9
-190
-438
-321
-313
-473
9
-235
-360
-53
-287
-333
-102
-117
-479
-15
-133
-9
-168
-262
-172
-349
-473
-459
-288
-187
-454
-45
-109
-464
-316
-340
-155
-359
-319
-416
-353
-338
-51
-492
-319
-485
-477
-137
-449
-33
-456
-353
-175
-457
-499
-145
-345
-127
-3
-189
-275
-391
-165
-232
-189
-396
-434
-232
-215
-73
-147
9
-402
-120
-370
-165
-97
-397
-119
-46
2
-215
-247
-484
-479
-423
-106
-303
-440
-147
-349
-293
-326
-382
-141
-26
-238
-319
-246
-202
-418
-186
-193
-121
-43
-495
-259
-24
-328
-172
-354
-93
-436
-47
-498
-210
-341
-441
-117
-82
-401
-406
-445
-486
-108
-71
-21
-28
-248
-320
-163
-3
-349
9
-254
-27
-47
-242
-440
-480
-97
-195
-385
-387
-21
-8
-384
-242
-330
-481
-111
-71
-16
-386
-471
-47
-449
-84
-305
-121
-378
-136
-50
-64
-346
-364
-271
-448
-53
-344
-290
6
-223
-9
-359
-250
-342
-283
-187
-83
-204
-490
-488
-188
-224
-244
-93
-354
-385
-234
-331
-243
-162
-251
-387
-20
-346
-359
-205
-17
-235
-223
-425
-293
-17
-390
-181
-223
-479
-258
-114
-59
-1
-462
-149
-186
-328
-145
-448
-387
-68
-109
-377
-78
-456
-183
-228
-314
-426
-471
-38
-292
-352
-312
-23
-97
-472
-197
-277
-142
-114
-483
9
-217
-89
-276
-374
-294
-152
-73
-172
-306
-163
-8
-240
-90
-84
-473
-284
0
-104
-192
-65
-452
-133
-129
-233
-110
-133
-393
-309
-246
-106
-173
-226
-294
-464
-70
-19
-91
-412
-304
-378
-57
-330
-453
-222
-101
-276
-465
-270
-494
-350
-236
-220
-231
-90
-303
-102
-432
-239
-140
-71
-23
-413
-341
-42
5
-230
-228
-40
-49
-291
-444
-28
-178
-202
-90
-372
-233
-254
-43
-414
-343
-388
-233
-270
-385
-17
-117
-89
-344
-437
-417
-65
-246
-38
-189
-316
-193
-28
-259
-465
-291
-18
-323
-30
-310
-268
-128
-32
-95
-30
-346
-395
-440
-230
-148
-440
-17
-273
-475
-405
-135
0
-257
-298
-235
-165
-17
-223
-452
-169
-489
-404
-231
-125
-91
-136
-388
-185
-249
-428
-133
-132
-441
-89
-374
-190
-150
-368
-406
-373
-188
-491
-259
-499
-381
-95
-147
-85
-160
-443
-381
-399
-194
-394
-414
-20
-432
-265
-314
-487
-214
-14
-494
-93
-133
-176
-212
-285
-5
-453
-288
-10
-460
-15
-238
-62
-166
-463
-118
-484
-115
-118
-383
-463
-45
-245
-145
-405
-3
1
-197
-238
-427
-128
-8
-177
-349
-489
-50
-256
-190
-32
-480
-320
-383
-281
-220
-361
-219
-118
-176
-399
-208
-487
-357
-45
-76
-195
-349
-86
-70
-21
-329
-38
-129
-126
-289
-310
-407
-227
-266
-229
-483
-168
6
-422
-209
-443
-352
-35
-428
-44
-87
-446
-7
-283
-63
-367
-311
-151
-453
-148
-197
-188
-128
-160
-198
-324
-301
-314
-48
-411
-33
-98
-141
-408
-252
-483
-372
-240
-456
-140
-100
-425
-382
-181
-63
-214
-495
-457
6
-194
-157
-51
-404
-179
-210
-252
-98
-260
-164
-123
-328
-428
-80
-451
-326
-85
-12
-245
-367
-447
-433
-387
-182
-171
-320
-238
-390
-243
-426
8
-495
-337
-246
-133
-359
-33
-199
-427
-137
-111
-175
-280
-89
-287
-402
-197
-481
-381
-272
-183
-431
-9
-106
-394
2
-172
-180
-111
-466
-332
-338
-21
-470
-250
-53
-487
-114
-470
-234
-84
-390
-465
-383
-458
-380
-210
-238
-151
-90
-469
-340
-452
-388
-499
9
-490
-334
-299
-240
-483
-24
-220
-18
-464
-177
-155
-409
-203
-356
-492
-458
-326
-34
-220
-365
-484
-158
-265
1
-170
-265
-306
-388
-219
-86
-134
-227
-301
-269
-437
-103
-17
-76
-407
-461
-441
-380
-237
-127
-292
-358
-309
-38
-266
-341
1
-171
-236
-259
-236
-134
-334
-18
-455
-403
-471
-159
-172
-105
-18
-480
-227
-367
-66
-133
-347
-304
-224
-433
-74
-196
-109
-404
-135
-94
-437
-95
-253
-243
-240
-234
-363
-260
-320
-341
-254
-292
-410
-364
-445
-449
-163
-116
-173
-331
-141
-347
-72
-381
-468
-22
-101
-297
-343
-64
-10
-147
-279
-375
-390
-21
-279
-299
-499
-225
-135
-113
-484
-367
-422
-185
-282
-236
-477
-169
-491
-61
-202
-179
-254
-444
-155
-462
-19
-270
-113
-248
2
-454
-37
-415
-196
-15
-110
6
-27
-56
-436
-73
-262
-60
-141
-293
-33
-55
-429
-201
-396
-226
-18
-195
-462
-107
-278
-171
-271
-260
-259
-319
-197
-470
-140
-47
-55
-310
-254
-40
-293
-222
-97
-380
-79
-112
-467
-204
-206
-439
-46
-149
-396
-372
-449
-205
-261
-401
-355
-224
-194
-101
-472
-41
-52
-374
-6
-402
-438
-209
-477
-334
-492
-448
-394
-276
-351
-486
-304
-110
-326
-378
-105
-474
-29
-73
-357
-445
-202
-456
-385
-338
-67
8
-205
-272
-419
-267
-211
-342
-49
-345
4
-366
-85
-135
-141
-88
-214
-304
-87
-126
-96
-390
-118
-217
-255
0
-327
7
-293
-389
-65
-93
-14
-288
-223
-40
-135
-469
-342
-491
-491
-422
-315
-79
-117
-338
-465
-166
-359
-119
6
-335
-87
-375
-431
-348
-318
-489
-397
-238
-49
-40
-372
-371
-323
-170
-308
-234
-150
-165
-424
-449
-471
-357
-287
-226
-64
-107
-121
-487
-374
-133
-190
-249
-422
-107
-233
-377
-439
-133
-83
-133
-201
-259
-153
-16
-498
-76
-277
-138
-266
-367
-214
-399
-417
-383
-392
-54
-120
-402
-242
-342
-120
-218
-247
-200
-10
-326
-495
-187
-76
-392
-203
-233
-268
-452
-304
-419
-467
-277
-283
-257
-447
-115
-53
-169
-395
-422
-353
-34
-66
-320
-415
-385
-180
-243
-339
-431
-113
-343
3
-222
-347
-89
-4
5
-211
-331
-334
-295
-270
-160
-198
-137
-48
-38
-6
-226
-270
-217
-25
-208
-57
-39
-55
-495
-100
-12
-202
-217
-342
-331
-252
-215
-363
-144
-480
-432
-108
-183
-186
-357
-76
-396
-198
-278
-352
-135
-416
-89
-213
-437
-181
-205
-118
-427
-40
-15
-383
-48
-161
-169
-305
-265
-457
-167
-262
-222
-151
-382
-307
-271
-8
-120
-459
-315
-147
-401
-51
-34
-433
-207
-249
-108
-64
-254
-300
-109
-288
-398
-162
-42
-341
-318
-489
-175
-234
-239
-34
-125
-259
-290
-467
-401
-391
-244
-420
-280
-68
-37
-50
-7
-35
-15
-339
-456
-422
-53
-464
-226
-184
-344
-89
-351
-269
-427
-72
-430
-220
-389
-70
-432
-28
-80
-282
-375
-322
-216
-7
-357
-378
-132
-119
-244
-23
-173
-183
-311
-135
-70
-499
-263
-118
-280
-454
-204
-473
-468
-259
-480
-403
-8
-417
-391
-149
-280
-443
-444
-404
-298
-288
-68
-171
-446
-144
-38
-430
-465
-376
-492
-102
-456
-151
-393
-406
-365
-124
-176
-400
-277
-281
-91
5
-324
-451
-261
-307
-12
-267
-43
-190
-444
-90
-48
-76
-64
-396
-143
-4
-328
-209
-421
-137
-181
-426
-281
-455
-341
-450
-171
-436
-334
-444
-245
-305
-219
-226
-457
-414
-485
-369
-13
-481
-170
-99
-312
-460
-130
-354
-30
-260
-241
-427
-68
-141
-16
-420
-475
-405
-145
-55
-210
-403
-367
-380
-53
-498
-220
-460
-194
-208
-44
-181
-7
-271
-77
-100
-305
-199
-187
-49
-209
-370
-492
-435
-359
-352
-359
-245
-134
-179
-409
-53
-475
-343
-174
-349
-240
-427
-309
-332
-365
-62
-277
-487
-103
-335
-440
-304
-275
-488
-298
-402
-117
-484
-414
-280
-343
-218
-500
-146
-253
6
-78
-363
-267
-230
-63
-416
-270
-23
-90
-217
-62
-299
-216
-202
-371
-354
-27
-413
-259
-251
-170
-423
-477
-30
-50
-242
-440
-40
4
-214
-390
-38
-423
-417
-487
-262
-441
-19
-440
-477
-3
-276
-307
-391
-160
-346
-422
-231
-323
-6
-258
-252
-43
-157
-172
-158
-107
-299
-376
-444
-132
-146
-66
-288
-40
-323
-452
-406
-173
-471
-88
-446
-237
-336
9
-197
-96
-175
-11
-356
-467
-360
-76
-431
-364
-168
-345
-199
-224
-358
-114
-372
-359
-39
-323
-468
-373
-205
5
-205
-186
-155
-494
-222
-243
-443
-147
-31
-494
-226
-485
-350
-447
-92
-374
-445
-41
-383
-482
-206
-442
-27
-432
-148
-32
-315
-32
-268
-45
-365
-55
-82
-342
-161
-85
-426
-202
-113
-43
-320
-35
-484
-192
-224
-486
-63
-282
-401
-63
-76
-170
-286
-9
-95
-147
-263
-190
-432
-4
-199
-30
-77
-172
-204
-136
-62
-7
-29
-218
-409
-438
-276
-403
-311
-369
-447
-466
-41
-468
-487
-144
-318
-276
-39
-375
-13
-498
-422
-340
-355
-410
-72
-444
-283
-12
-24
-390
-254
-198
-261
-240
-174
-357
-122
-284
-450
-58
-233
-61
-402
-9
-166
-86
-75
-267
-193
-339
-143
-38
-18
-59
-22
-353
-382
-453
-375
-96
-35
-426
-186
-405
-432
-387
-475
-398
-297
-42
-265
-2
-295
-133
-270
-110
-224
-217
-487
-79
-31
-426
-130
-99
-212
-209
-30
-15
-274
-493
-238
-437
-107
-434
-36
-67
-168
-414
-391
-223
-164
-248
-252
-159
-270
-494
-11
-21
-125
-60
-129
-124
-430
-388
-466
-364
-397
-438
-239
-375
-205
-441
-156
-248
-132
-467
-343
-446
-136
-61
-257
-177
-472
-170
-445
-446
-161
-113
-334
-436
-67
-333
-292
-456
-219
-222
-347
-260
-134
-423
-110
-188
-272
-487
-100
-283
-399
-469
-201
-263
3
-381
-67
-264
-218
-403
-121
-471
-101
-346
-232
-487
-343
-98
-9
-458
-43
-293
-109
-136
-311
-319
-431
-390
-64
-226
-323
-321
-44
-219
-177
-261
-22
-494
-124
-345
-359
-309
-223
-415
-269
-35
-19
-141
-489
-97
-370
-280
-379
-9
-75
-328
-59
-178
-194
-309
-447
-61
-168
-307
-80
-186
-117
-470
-341
-245
-214
-65
-342
-195
-265
-121
-179
-220
-226
-343
-135
-413
-84
-320
-330
-53
-283
-280
-19
-110
-223
-401
-487
-476
-142
-464
-251
7
-259
-116
-283
-2
-194
9
-481
-306
-366
-468
-141
-392
-339
-355
-59
-76
-188
-311
-358
-457
-215
-225
-441
-341
-443
-340
-84
-247
-269
-156
-387
-202
0
-431
-387
-227
-356
-87
-469
-434
-160
-224
-69
-350
-330
-369
-497
-455
-484
-270
-370
-480
-196
-2
-431
-280
-411
-20
-214
-268
-263
-206
-176
-378
-290
-115
-194
-416
-369
-122
-118
-233
-264
-359
-155
-424
-64
-28
-373
-357
-487
-122
-429
-144
-163
-432
-324
-264
-168
-337
-218
6
-126
3
-217
-214
-344
-261
-232
-168
-49
-141
-116
-57
-228
-58
-291
-302
-159
-28
-77
-282
-112
-364
-413
-88
-295
-135
-112
-77
-119
-194
-258
-158
-187
-214
7
-256
-221
-354
-401
-183
-112
-118
-40
-337
-464
-38
-488
-421
-116
-36
-361
-335
-9
-334
-361
-416
-162
-66
-258
-92
-225
-474
-49
-438
-437
-69
-378
-406
-152
-388
-307
-330
-180
-411
-210
-3
-306
-124
-362
-112
-234
-220
-358
-116
-90
-328
-94
-178
-38
-218
-95
-206
-203
-498
-43
-3
-399
-425
-104
-275
-62
-17
-456
-412
-305
-6
-396
-337
-94
-151
-206
-428
-157
-147
-230
-281
-493
-412
-161
-73
-218
-324
-474
-376
-50
-66
-162
-433
-104
-396
-458
-263
-31
-75
-419
-412
-449
-152
-436
-245
7
-196
-321
-399
-383
-358
-316
-77
-107
-444
-161
-326
-297
-190
-136
-183
-8
-55
-31
-397
-123
-19
-437
-232
-54
-199
-290
-243
-137
-356
-57
-282
-307
-329
-239
-411
-239
-271
-259
-230
-163
-88
-259
-380
-93
-370
-279
-438
-284
-95
-93
-418
-173
-354
2
-110
-308
-322
-455
-278
-455
-273
-30
-477
-227
-318
-135
-481
-144
-141
-201
-5
-201
-235
-349
-351
-98
-312
-284
-17
-56
-262
-470
-207
-382
-486
-255
-275
-313
-439
-30
-350
-266
-365
-164
-201
-244
-108
-253
-136
-165
-382
-180
-108
-12
-29
-342
-368
-124
-380
-306
-400
-117
-335
-357
-198
-230
-211
-73
-95
-465
-67
-421
-241
-333
-447
-155
-60
-127
-346
-222
-191
-135
-44
-189
-370
-432
-173
-477
-160
9
-270
-76
-16
-95
-468
-388
-30
-140
-184
-184
-394
-305
-478
-55
-84
-492
-142
-6
-180
-458
-366
-186
-388
-16
-241
-121
-375
-313
-6
-66
-329
-485
-348
-387
-420
-443
-337
-48
-297
-285
-455
-237
-279
-379
-320
-95
-228
-400
-182
-277
-87
-159
-431
-86
-3
-176
-495
-39
-142
-143
-109
1
-432
-227
-245
-242
-458
-141
-482
-278
-408
-126
-116
-358
-59
-431
-57
-95
-260
-289
-29
-305
-479
-308
-14
-304
-49
-253
5
-90
7
-115
-244
-110
-202
-124
-80
-268
-113
-3
-366
-203
-476
-285
-210
9
-123
-239
-345
-360
-339
-333
-333
-223
9
-449
4
0
-255
-44
-142
-490
-150
-184
-28
-57
-129
-500
-355
-346
-322
-257
-5
-424
-360
-241
-368
-124
-139
-283
-297
-73
-367
-87
-459
-298
-256
-239
-71
-27
-447
-136
-458
-402
-234
-211
-71
-100
-219
-440
-253
-493
-51
-299
-294
-306
-309
-475
-400
-174
-420
-276
-63
-288
-35
-314
-425
7
-93
-75
-64
-24
-170
-281
2
-358
-321
-70
-6
-428
-223
-179
-285
-451
-31
-245
-251
-426
-193
-473
-460
-409
-148
-7
-280
-96
-430
-332
-225
-474
-159
-393
-84
-322
-355
-133
-300
-168
-160
-84
-98
-113
-198
-290
-72
-276
-63
-72
-184
-305
-145
-94
-105
-228
-478
-230
-308
-258
-269
-226
-261
-327
-416
-155
-270
-78
-187
-368
-163
-283
-417
-296
-487
-4
-196
-450
-428
-165
-338
-272
-427
-491
-9
-369
-193
-126
-183
-93
-190
-70
-11
-205
-432
-433
-489
-414
-259
-276
-127
-368
-164
-216
-46
-11
-80
-188
-244
-44
-371
-54
-328
-147
-39
-98
-114
-419
-119
-445
-300
-433
-248
-279
-74
-468
-202
-204
-126
-181
-152
-276
-318
-282
-383
-343
-149
-244
-235
-155
-51
-185
-21
-338
-78
-346
-403
-79
-93
-369
-237
-347
-339
-96
-355
-459
-393
-354
-40
-19
-447
-412
-185
-257
-191
-24
-131
-447
-295
-95
-500
-222
-39
-458
-304
-136
-485
-74
-486
-21
-465
-217
-413
-358
-296
-30
-306
-238
-346
-199
-330
-212
-149
-463
-315
-102
-379
-174
-270
-339
-92
-117
-431
-383
-147
-100
-5
-490
-193
-438
-303
-135
-235
-252
-431
-463
-196
-481
-264
-162
-359
-20
-304
-282
-316
-103
-302
-235
-209
-486
-260
-89
-282
-177
0
-138
-89
-440
-400
-458
-252
-219
-298
-417
-218
-195
-171
-134
-277
-124
-417
-201
-66
-449
-227
-122
-22
-142
-412
-214
-186
-183
-37
-92
-129
-172
-261
-172
-364
-246
-441
-186
-85
-123
-181
-326
-362
-185
-336
-453
-464
-399
-456
-451
-15
-322
-275
-17
-293
-102
-462
-386
-185
-391
-450
-348
-289
-188
-294
-301
-405
-127
-163
-445
-39
-466
-253
-240
-190
-4
-98
-422
-87
-202
-148
-236
-318
-111
-101
-293
-368
-492
-250
-469
-369
-346
-388
-266
-10
-208
-323
-52
-480
-297
-47
-94
-417
-358
-209
-434
-28
-170
-251
-31
-325
-375
-463
-94
-329
-50
-206
-10
-233
-110
-291
-365
-201
-257
-431
-301
-199
-24
-464
-60
-160
-499
-320
-449
-217
-128
-1
-202
-204
-324
-237
-308
-154
-250
-4
3
-142
-213
-167
2
-74
-77
-82
-246
-47
8
-435
-27
-152
-28
-18
-216
-306
-273
-374
-218
-380
-273
-414
-241
-454
-332
-266
-340
-79
-445
-33
-243
-204
-113
-296
-268
-493
-127
-210
-79
-447
-111
-360
-470
-39
-328
-163
-254
-81
-79
-342
-198
-145
-386
-469
-485
-42
-475
-149
-51
-489
-127
-243
-165
-411
-428
-340
-232
-276
-109
-451
-458
-40
-452
-96
-112
-125
-137
-143
-272
-355
-486
-58
-287
-112
-102
-181
-450
-236
-342
-281
-345
-126
-188
-158
-38
-88
-201
-3
-127
-484
-48
-188
-239
-148
-43
-116
-245
-372
-102
-435
-438
-171
-153
-363
-30
-431
-238
-385
-290
-184
-187
-158
0
-498
-25
-372
-431
-213
-493
-415
-448
-204
-453
-484
-11
-164
-416
-173
-58
-284
-217
-26
-311
-155
-476
-452
-250
-397
-474
-395
-455
-450
-468
-125
-43
-283
-223
-160
3
-266
-332
-447
-54
-57
-230
-42
-11
-396
-248
-98
-267
-250
-367
-175
-374
-154
-28
-457
-164
-410
-457
-419
-170
-42
-455
-173
-226
-377
-40
-225
-415
-343
-213
-192
-477
-313
-363
-96
-327
-111
-80
-73
-312
-353
-5
-261
-62
-485
-290
-55
-42
-42
-426
-340
-41
-394
-370
-138
-103
-335
-481
-92
-291
-184
-386
-173
-232
-428
-88
0
-180
-170
-227
-273
-392
-211
-354
-124
-109
-131
-248
-132
-190
-167
-364
-346
-158
-311
-204
-445
-118
-185
-145
-305
7
-71
-351
-349
-147
-474
-120
-107
-36
-425
-304
-266
-298
-222
-425
-23
-400
-84
-118
-32
-264
-251
-14
-381
-422
-255
-222
-74
-287
-345
-111
-119
-373
-166
-168
-429
-399
-301
-29
-109
-472
-433
-59
-53
-368
-408
-406
-207
-412
-180
-453
-117
-474
-94
-12
-55
-182
-65
-153
-281
-167
-239
-54
-431
-271
-363
-216
-272
-333
-355
-479
-195
-127
-192
-408
-146
-459
-362
-31
-332
-136
-43
-48
-301
-185
-222
-492
-351
-499
-183
-490
-373
-296
-408
-422
-179
-169
-28
-55
-70
-439
-233
-212
-216
-308
-153
1
-1
-121
-182
-26
-78
-222
-381
-326
-368
-38
-64
-198
-345
-201
-438
-47
-160
-409
-218
-120
-79
-500
-245
-277
-472
-115
-205
-486
-363
-329
-209
-320
-42
-464
-152
-81
-308
-171
-202
-230
-391
-352
-210
-2
-236
-105
-492
-106
-15
-377
-187
-208
-22
-77
-193
-135
-386
-388
-239
-379
-307
-47
-4
-370
-244
-24
-8
-497
-421
-81
-399
-490
-12
0
-303
-246
-118
-210
-121
-403
-411
-224
-493
-79
-137
-215
-302
-150
-298
-136
-271
-302
-91
-36
-69
-25
-59
-83
-312
-200
-338
-63
-257
-484
-224
-434
-364
-347
-295
-359
-68
-280
-38
-304
-449
-368
-417
-296
-336
-395
-125
-298
-128
-153
-202
-287
-348
-425
-327
-269
-477
-373
-127
-164
-394
-462
-138
-204
-249
-165
-149
-4
-7
-422
-446
-300
-57
9
-107
-494
-105
-226
-338
-220
-324
-498
-220
-260
-432
-463
-90
-456
-278
-210
-65
-218
-322
-268
-401
-496
-324
-104
-409
-146
-379
-218
-433
-1
-425
-379
-130
-420
-347
-329
-209
-316
-10
-14
-89
-111
-49
-58
-438
-288
-416
-88
-421
-120
-430
-314
-351
-398
-155
-470
-18
-384
-390
-346
-499
-295
-39
-157
-217
-97
-384
-354
-78
-490
-303
-412
-199
-226
-462
-461
-35
-394
-302
-311
-334
-453
-44
-435
-17
-403
-210
-115
-102
-11
-416
-220
-79
-138
-184
-153
-67
-258
-12
-388
-313
4
-371
-90
-200
-250
-407
-171
-376
-478
-332
-45
-282
-107
-360
-390
-30
-91
-476
-462
-349
-464
-250
-459
-25
-77
-291
-272
-384
-467
-426
2
-193
-221
-495
-99
-28
-398
-408
-339
-60
-413
9
-491
-235
-338
-223
-40
-272
-252
-202
-365
-206
-256
-319
-98
-73
-312
-410
-383
-215
-264
-179
-297
-76
-404
-89
-1
-438
-294
-281
-329
-32
-47
-224
-305
1
-37
-418
-184
-346
-62
-320
-285
-353
-24
-80
-5
-76
-136
-262
-177
-388
-446
-20
3
-306
-383
-269
-145
-330
-224
-29
-355
-35
-75
-236
-230
-412
-369
-305
-54
-436
-19
-183
-424
-113
-421
-164
-471
-472
1
-497
-411
-133
-38
-351
-380
-249
-22
-255
-67
-303
9
-229
-113
-59
-342
-233
-203
-234
-460
-61
-47
-434
-218
-369
-399
-237
-490
-323
-138
-305
-108
-198
-348
-439
-294
-272
-424
-287
-101
-292
3
-481
-255
-497
-242
-228
-2
-374
-167
-495
-475
-446
-485
-426
-134
-42
-438
-121
-167
-321
-238
-350
-249
-484
-345
-261
-411
-195
-62
-3
-182
-93
-53
-424
-479
-483
-447
-24
-454
5
-365
-326
-500
-308
-208
-234
-216
-378
-301
-83
-227
-194
-222
-6
-445
-444
-122
-412
-378
4
-76
-445
-123
-220
-15
-45
-78
-3
-220
-313
-60
-21
7
-53
-363
-192
-468
-293
-190
-179
-450
-464
-168
-465
-499
-396
-32
-454
-123
-256
-158
-129
-99
-197
-232
-448
-425
-2
-180
-358
-11
-24
-36
-106
-30
-82
-292
-84
-372
-243
-66
-133
-325
-386
-149
-214
-288
-213
-191
-414
-472
-328
4
-120
-495
-429
-155
-232
-88
-286
-291
-76
-349
-1
-359
-33
-442
-316
-32
-301
-468
-113
-92
-488
-380
-35
-31
-43
-39
-33
-429
-239
-203
-51
-295
-50
-162
-19
-108
-233
-382
7
-113
-54
-331
-220
-35
-286
-179
-496
-103
-210
-442
-129
-269
-191
-422
-369
-428
-297
-366
-254
-237
-447
-21
-274
-437
-78
-29
-99
-224
-261
-198
-24
-375
-216
-427
-10
-221
-68
7
-333
8
-151
-468
-492
-272
-391
-419
-472
-19
-372
-281
-37
-198
-19
-166
-133
4
-89
-125
-91
-169
-373
-377
-342
-438
-476
-52
-27
-168
-249
-268
-143
-195
-226
-82
-371
-120
-476
-481
-435
-121
-75
-239
-150
-165
-182
-247
-164
-184
-465
-214
-46
-117
-187
-431
-339
-41
-370
-458
-318
-303
-332
-83
-484
-482
-252
-254
-247
-340
-291
-72
-175
-456
-242
-457
-141
-2
-426
-404
-260
3
-359
-35
-183
-396
-217
-245
-313
-129
-176
-237
-231
-495
-160
-421
-165
-197
-440
-193
-135
-159
-183
-2
-340
-58
-452
-129
-213
-328
-256
-159
-188
-33
-41
-458
-438
-439
-337
-90
-125
-289
-486
-209
-345
-39
-313
-239
-429
-11
-4
-448
-222
-302
-274
-432
-193
-447
-182
-415
-10
-50
-444
-429
-185
-82
-308
-446
-183
-31
-287
-206
-270
-292
-159
-50
-274
-53
-454
-498
-294
-346
-51
-451
-408
-67
-369
-400
-426
-112
-25
-305
-214
5
-305
-63
-467
-404
-145
-257
-457
-444
-10
-483
-258
-102
-115
-319
-11
-315
-335
-277
-33
-216
-242
-221
-451
4
-84
-428
-333
-8
-45
-260
-201
-310
-304
-133
-202
-234
-349
-396
-280
-496
-413
-244
-213
-240
-102
-252
-316
-366
-190
-201
-456
-246
-77
-30
-401
1
-348
-382
-289
-237
-259
-426
-184
-261
-84
-236
-75
-356
-469
-236
-400
-192
-359
-394
-242
-362
-64
-240
-467
-47
-450
-326
-116
-378
-215
-128
-188
-414
-330
-470
-434
-290
-470
-243
-191
-373
-43
-371
-380
-282
-192
-58
-271
-223
-52
-386
-91
-306
-276
-419
-127
-488
-196
-152
-34
-96
-161
-158
-308
-256
-27
-431
-208
-125
-181
-204
-9
-323
-206
-342
-90
-123
-236
-140
-270
-400
-65
-157
-263
-28
-141
-238
-191
-386
-79
-148
-112
-197
-474
-132
-254
-5
-493
-485
-304
-229
-315
-443
-430
8
-435
-94
-376
-117
-430
-215
-475
-445
-284
-166
-354
-385
-481
-24
-58
-465
-213
-498
-367
-476
-212
-210
-28
-62
-444
-138
-355
-232
-451
-129
-465
-454
-309
-257
-418
-355
-104
-354
-429
-438
-148
-321
-242
-434
-279
-500
-285
-457
-55
-137
-318
-137
-135
-410
-29
-79
-255
-231
-186
-409
-179
-186
-97
-391
-467
-466
-497
-410
-211
-215
-289
-26
-293
-290
-63
-56
-233
-109
-87
-11
-326
-63
-405
-60
-423
-453
-75
-317
-233
-394
-239
-362
-457
-50
-3
-481
-465
-75
-414
-431
-79
-368
-185
-406
-403
-498
-9
-375
-296
-306
-482
-197
-40
-282
-464
-48
-172
-208
-375
-27
-97
-310
-259
-269
-441
-351
-386
-249
-298
-367
-176
-117
-125
-171
-486
-54
-30
-104
-499
-153
-397
-251
-1
3
-194
-57
-496
-193
-38
-73
-317
-119
-107
-274
-220
-61
-367
-166
-409
-466
-103
-46
-2
-241
-224
-217
-28
-203
-330
-383
-360
-300
-326
-143
-256
-287
-200
-68
-394
-182
-90
-12
-46
-279
-483
-287
-487
-110
-416
-60
-365
-62
-445
-464
-356
-439
-481
-138
-352
-93
-29
-336
-171
-388
-333
-291
-436
-412
-36
-35
-334
-95
-484
-94
-89
-384
-31
-353
-476
-193
-190
-112
-157
-138
-46
-146
-495
-261
-218
-142
-190
-471
-91
-462
-206
-186
-191
-248
-199
-82
-22
-406
-23
-392
-156
-357
-409
-397
-402
-225
-434
-485
-121
-211
-398
-228
-145
-225
-444
-357
-23
-268
-334
-132
-327
-75
-441
-269
-399
-381
-4
-38
-192
-385
-481
-171
-271
-302
-432
-114
-447
-402
-37
-109
-496
-64
-345
-5
-290
-285
-247
-286
-148
-326
-386
-331
-146
-97
-219
-454
-495
-427
-128
-212
-325
-178
-356
-443
-380
-365
-155
-265
-78
-460
-374
-473
-488
-219
-435
-157
-435
-392
-358
-472
-71
-224
-95
-378
-487
-219
2
-60
-280
-161
-10
-130
-428
-339
-415
-196
-148
-4
-37
-88
-172
-84
-227
-148
-218
-306
-292
-348
-414
-383
-260
-325
-36
-94
-212
-61
-336
-260
-236
-454
-31
-441
-70
-419
-66
-252
-268
-163
-231
-353
-156
-152
-41
-194
-492
-137
-159
-458
-3
-64
-390
-333
-234
-296
-196
-38
-176
-466
-392
-147
-375
-118
-487
-145
-487
-198
-435
-381
-343
-218
-191
-461
-76
-321
6
-445
-351
-241
-243
-313
-497
-452
-258
-357
-339
-136
-332
-256
-227
-250
-57
-20
-292
-266
4
-32
-24
-238
-495
-213
-265
-238
-400
-209
-252
-282
-390
-121
-79
-32
-267
-344
-440
-355
-315
-296
-494
-92
-323
-362
-34
-109
-366
-78
-167
-8
-69
-359
-482
-384
-345
-44
-477
-69
-292
-46
-238
-98
-256
-438
-175
-78
-339
-359
-300
-182
-67
-389
-354
-75
-129
-275
-319
-28
-205
-252
-429
-129
-317
-115
-273
-420
-161
-210
-240
-62
-100
-420
-384
-39
-231
-82
-260
-315
3
-469
-488
-262
-273
-86
-178
-186
-500
-415
-114
-101
-42
-212
-255
-118
-478
-386
-473
-45
-140
-307
-168
-195
-436
-301
-255
-466
-80
-112
-452
-69
-79
-271
-316
-312
-102
-88
1
-74
-40
-312
-342
-267
-411
-109
-347
-493
-212
-45
-362
-415
-165
-57
-367
-293
-88
-8
-169
-162
-99
-57
-319
-218
-296
-442
-331
-349
-390
-163
-145
-370
-93
-495
-71
-200
9
-86
-31
-390
-226
-496
-427
-331
-365
-213
-107
-208
-410
-289
-151
-261
-89
-121
-441
-183
-45
-251
-470
-439
-206
-358
-56
-13
-92
-415
-255
-194
-200
-445
-60
-93
-425
-246
-265
-417
-445
-55
-216
-301
-150
-261
-127
-151
-276
-332
-308
-487
